   0.0000000e+00   7.5385728e-11   0.0000000e+00   3.7893000e-11   0.0000000e+00  -0.0000000e+00   0.0000000e+00
   1.0000000e+00   5.0054230e-11   1.0000000e-01   2.5160000e-11   3.9745628e+09  -1.6847071e-01   0.0000000e+00
   2.0000000e+00   4.4537521e-11   2.0000000e-01   2.2387000e-11   8.9337562e+09  -2.0472935e+00   1.6770140e+00
   3.0000000e+00   1.9418495e-11   3.0000000e-01   9.7608000e-12   3.0735186e+10  -2.6017425e-01   2.5279950e+00
   4.0000000e+00   1.8018130e-11   4.0000000e-01   9.0569000e-12   4.4165222e+10   2.1508905e+00   3.1943010e+00
   5.0000000e+00   2.9117397e-11   5.0000000e-01   1.4636000e-11   3.4162339e+10  -2.7677254e+00   3.8119920e+00
   6.0000000e+00   1.7579260e-11   6.0000000e-01   8.8363000e-12   6.7901724e+10  -2.7649147e+00   4.4286140e+00
   7.0000000e+00   1.1478851e-11   7.0000000e-01   5.7699000e-12   1.2131926e+11   7.6414344e+00   5.1450010e+00
   8.0000000e+00   3.1844915e-11   8.0000000e-01   1.6007000e-11   4.9978135e+10  -4.4654456e+00   5.7485530e+00
   9.0000000e+00   1.8820072e-11   9.0000000e-01   9.4600000e-12   9.5137421e+10  -1.2703535e+01   6.4463090e+00
   1.0000000e+01   4.9355937e-12   1.0000000e+00   2.4809000e-12   4.0307953e+11  -6.9162340e-02   6.4463090e+00
   1.1000000e+01   4.9031659e-12   1.1000000e+00   2.4646000e-12   4.4631989e+11   1.4869380e+01   7.6483100e+00
   1.2000000e+01   1.7880063e-11   1.2000000e+00   8.9875000e-12   1.3351878e+11   2.1286415e+00   8.2630160e+00
   1.3000000e+01   2.1201428e-11   1.3000000e+00   1.0657000e-11   1.2198555e+11   3.2517564e+00   8.8799960e+00
   1.4000000e+01   2.6978752e-11   1.4000000e+00   1.3561000e-11   1.0323722e+11  -3.4874009e+00   9.5800120e+00
   1.5000000e+01   2.1209386e-11   1.5000000e+00   1.0661000e-11   1.4069975e+11  -1.6512922e+01   1.0481017e+01
   1.6000000e+01   7.3062066e-12   1.6000000e+00   3.6725000e-12   4.3567052e+11   2.8845246e+01   1.0481017e+01
   1.7000000e+01  -4.1991042e-11   1.7000000e+00  -2.1107000e-11  -8.0542000e+10   2.3873755e+00   1.1913995e+01
   1.8000000e+01   4.8130444e-11   1.8000000e+00   2.4193000e-11   7.4401686e+10  -6.5764038e+01   1.2615026e+01
   1.9000000e+01   1.3747008e-12   1.9000000e+00   6.9100000e-13   2.7496382e+12   6.8113015e+01   1.3397996e+01
   2.0000000e+01   4.5239793e-11   2.0000000e+00   2.2740000e-11   8.7950748e+10   1.3748709e+01   1.4149005e+01
   2.1000000e+01   8.8480201e-11   2.1000000e+00   4.4475000e-11   4.7217538e+10  -6.0576281e+00   1.4782000e+01
   2.2000000e+01   6.6751573e-11   2.2000000e+00   3.3553000e-11   6.5567907e+10   8.5357345e+00   1.5502028e+01
   2.3000000e+01   9.7554022e-11   2.3000000e+00   4.9036000e-11   4.6904315e+10  -1.9166137e+01   1.5502028e+01
   2.4000000e+01   4.3150884e-11   2.4000000e+00   2.1690000e-11   1.1065007e+11   2.1223518e+00   1.7070275e+01
   2.5000000e+01   4.7056148e-11   2.5000000e+00   2.3653000e-11   1.0569484e+11   3.2953228e+01   1.7070275e+01
   2.6000000e+01  -1.7136412e-10   2.6000000e+00  -8.6137000e-11  -3.0184474e+10  -6.2489201e+01   1.7782993e+01
   2.7000000e+01   1.6206748e-11   2.7000000e+00   8.1464000e-12   3.3143474e+11   3.2947521e+01   1.8900006e+01
   2.8000000e+01   5.3712804e-11   2.8000000e+00   2.6999000e-11   1.0370754e+11  -1.3941695e+01   1.9500027e+01
   2.9000000e+01   3.2931147e-11   2.9000000e+00   1.6553000e-11   1.7519483e+11   3.8408500e+00   2.0101000e+01
   3.0000000e+01   3.7510831e-11   3.0000000e+00   1.8855000e-11   1.5910899e+11  -2.6272485e+01   2.0834009e+01
   3.1000000e+01   1.5849843e-11   3.1000000e+00   7.9670000e-12   3.8910506e+11   2.8837795e+01   2.1567991e+01
   3.2000000e+01   3.9595760e-11   3.2000000e+00   1.9903000e-11   1.6077978e+11   3.4027134e+00   2.2300997e+01
   3.3000000e+01   4.3966553e-11   3.3000000e+00   2.2100000e-11   1.4932127e+11  -1.0953583e+01   2.2300997e+01
   3.4000000e+01   3.1703665e-11   3.4000000e+00   1.5936000e-11   2.1335341e+11  -4.8250730e+01   2.3485004e+01
   3.5000000e+01   7.8284338e-12   3.5000000e+00   3.9350000e-12   8.8945362e+11   8.1222069e+01   2.3485004e+01
   3.6000000e+01   7.7158316e-11   3.6000000e+00   3.8784000e-11   9.2821782e+10  -1.0670783e+01   2.4685000e+01
   3.7000000e+01   5.7598174e-11   3.7000000e+00   2.8952000e-11   1.2779773e+11  -7.3548395e+01   2.4685000e+01
   3.8000000e+01   8.1017824e-12   3.8000000e+00   4.0724000e-12   9.3311070e+11   7.6991587e+01   2.5385995e+01
   3.9000000e+01   5.9858174e-11   3.9000000e+00   3.0088000e-11   1.2961978e+11   8.1720974e+00   2.5918998e+01
   4.0000000e+01   7.3617119e-11   4.0000000e+00   3.7004000e-11   1.0809642e+11  -1.0138474e+02   2.6486004e+01
   4.1000000e+01  -6.0220252e-12   4.1000000e+00  -3.0270000e-12  -1.3544764e+12   1.4206522e+02   2.7019009e+01
   4.2000000e+01  -1.8472120e-10   4.2000000e+00  -9.2851000e-11  -4.5233762e+10   1.0444100e+01   2.8120006e+01
   4.3000000e+01   2.3618196e-10   4.3000000e+00   1.1871800e-10   3.6220287e+10  -3.0964960e+01   2.8120006e+01
   4.4000000e+01   1.1590061e-10   4.4000000e+00   5.8258000e-11   7.5526108e+10  -3.8338075e+01   2.8720008e+01
   4.5000000e+01   4.8967997e-11   4.5000000e+00   2.4614000e-11   1.8282278e+11  -9.2539593e+00   2.9254517e+01
   4.6000000e+01   3.9955848e-11   4.6000000e+00   2.0084000e-11   2.2903804e+11  -3.5465606e+01   3.0388006e+01
   4.7000000e+01   1.8635054e-11   4.7000000e+00   9.3670000e-12   5.0176150e+11   5.4837978e+01   3.1022008e+01
   4.8000000e+01   5.9120093e-11   4.8000000e+00   2.9717000e-11   1.6152371e+11  -1.2862808e+01   3.1022008e+01
   4.9000000e+01   4.5347222e-11   4.9000000e+00   2.2794000e-11   2.1496885e+11  -3.6819192e+00   3.1688184e+01
   5.0000000e+01   4.2096482e-11   5.0000000e+00   2.1160000e-11   2.3629490e+11   0.0000000e+00   3.2789000e+01
