   0.0000000e+00   1.1671031e-10   0.0000000e+00   5.8665000e-11   0.0000000e+00  -0.0000000e+00   0.0000000e+00
   1.0000000e+00   9.6280783e-11   1.0000000e-01   4.8396000e-11   2.0662865e+09  -4.7123352e+00   0.0000000e+00
   2.0000000e+00   3.6726993e-12   2.0000000e-01   1.8461000e-12   1.0833649e+11   7.6699362e+00   1.1196200e+00
   3.0000000e+00   8.2336820e-11   3.0000000e-01   4.1387000e-11   7.2486530e+09  -1.3615423e+00   2.2376210e+00
   4.0000000e+00   5.5652505e-11   4.0000000e-01   2.7974000e-11   1.4298992e+10  -2.1054508e+00   2.2376210e+00
   5.0000000e+00   3.4789281e-11   5.0000000e-01   1.7487000e-11   2.8592669e+10  -1.9724055e+00   3.3706140e+00
   6.0000000e+00   2.4281076e-11   6.0000000e-01   1.2205000e-11   4.9160180e+10  -5.8647945e-01   4.1036270e+00
   7.0000000e+00   2.2182220e-11   7.0000000e-01   1.1150000e-11   6.2780269e+10  -1.0771171e+00   4.7376320e+00
   8.0000000e+00   1.9210598e-11   8.0000000e-01   9.6563000e-12   8.2847467e+10   6.5181456e+00   5.6386100e+00
   9.0000000e+00   4.1396201e-11   9.0000000e-01   2.0808000e-11   4.3252595e+10  -3.1058376e+01   5.6386100e+00
   1.0000000e+01  -1.5696656e-12   1.0000000e+00  -7.8900000e-13  -1.2674271e+12   1.7031584e+01   6.9376100e+00
   1.1000000e+01  -7.9577472e-12   1.1000000e+00  -4.0000000e-12  -2.7500000e+11   2.9861083e+01   6.9376100e+00
   1.2000000e+01  -1.0695411e-10   1.2000000e+00  -5.3761000e-11  -2.2321013e+10  -2.3174633e+01   7.5716220e+00
   1.3000000e+01  -1.6733949e-11   1.3000000e+00  -8.4114000e-12  -1.5455216e+11  -4.0509826e+01   8.6716090e+00
   1.4000000e+01  -8.3138563e-13   1.4000000e+00  -4.1790000e-13  -3.3500838e+12   5.9736241e+01   9.3386150e+00
   1.5000000e+01  -5.1249881e-11   1.5000000e+00  -2.5761000e-11  -5.8227553e+10  -1.3417153e+01   9.9726210e+00
   1.6000000e+01   2.1558930e-11   1.6000000e+00   1.0836700e-11   1.4764642e+11   1.6947376e+00   9.9726210e+00
   1.7000000e+01  -2.3891743e-11   1.7000000e+00  -1.2009300e-11  -1.4155696e+11   1.7722774e+01   1.1205844e+01
   1.8000000e+01  -6.5794653e-11   1.8000000e+00  -3.3072000e-11  -5.4426705e+10  -8.0113023e+00   1.1205844e+01
   1.9000000e+01   4.2665461e-11   1.9000000e+00   2.1446000e-11   8.8594610e+10   3.8792027e-01   1.2357097e+01
   2.0000000e+01   4.3522909e-11   2.0000000e+00   2.1877000e-11   9.1420213e+10   4.0372479e+00   1.2972627e+01
   2.1000000e+01   5.2998596e-11   2.1000000e+00   2.6640000e-11   7.8828829e+10  -1.7137940e+01   1.2972627e+01
   2.2000000e+01   2.3879210e-11   2.2000000e+00   1.2003000e-11   1.8328751e+11   5.6818864e+01   1.4339624e+01
   2.3000000e+01   2.9848117e-10   2.3000000e+00   1.5003300e-10   1.5329961e+10  -4.0906907e+01   1.4339624e+01
   2.4000000e+01   5.2338103e-11   2.4000000e+00   2.6308000e-11   9.1227003e+10  -2.5718401e+01   1.5507626e+01
   2.5000000e+01   1.8317341e-11   2.5000000e+00   9.2073000e-12   2.7152368e+11  -2.2431988e+01   1.5507626e+01
   2.6000000e+01   7.5992506e-12   2.6000000e+00   3.8198000e-12   6.8066391e+11   3.8043124e+01   1.6857629e+01
   2.7000000e+01   3.1938418e-11   2.7000000e+00   1.6054000e-11   1.6818238e+11   1.3779338e+00   1.7473627e+01
   2.8000000e+01   3.3579704e-11   2.8000000e+00   1.6879000e-11   1.6588660e+11  -3.7316111e+01   1.8173615e+01
   2.9000000e+01  -9.0652666e-12   2.9000000e+00  -4.5567000e-12  -6.3642548e+11   6.9849665e+01   1.8806621e+01
   3.0000000e+01   9.6782121e-11   3.0000000e+00   4.8648000e-11   6.1667489e+10   3.6161991e+01   1.9523644e+01
   3.1000000e+01  -3.1678001e-10   3.1000000e+00  -1.5923100e-10  -1.9468571e+10  -3.0920770e+01   2.0123617e+01
   3.2000000e+01   1.1868980e-10   3.2000000e+00   5.9660000e-11   5.3637278e+10  -2.1511974e+01   2.0777911e+01
   3.3000000e+01  -6.1224917e-11   3.3000000e+00  -3.0775000e-11  -1.0722989e+11   4.8690582e+01   2.1490215e+01
   3.4000000e+01   2.6193919e-10   3.4000000e+00   1.3166500e-10   2.5823112e+10  -4.6013201e+01   2.2106642e+01
   3.5000000e+01   6.9013562e-11   3.5000000e+00   3.4690000e-11   1.0089363e+11   4.3521422e+01   2.2106642e+01
   3.6000000e+01   2.3517729e-10   3.6000000e+00   1.1821300e-10   3.0453503e+10  -2.6244402e+01   2.2706615e+01
   3.7000000e+01   1.1457962e-10   3.7000000e+00   5.7594000e-11   6.4242803e+10  -8.8015414e+01   2.3257026e+01
   3.8000000e+01  -1.0957818e-11   3.8000000e+00  -5.5080000e-12  -6.8990559e+11   8.3745943e+01   2.4356618e+01
   3.9000000e+01  -9.6485695e-11   3.9000000e+00  -4.8499000e-11  -8.0414029e+10  -7.9391469e+01   2.5089645e+01
   4.0000000e+01   1.2927758e-11   4.0000000e+00   6.4982000e-12   6.1555508e+11   5.1898514e+01   2.5089645e+01
   4.1000000e+01   4.6566747e-11   4.1000000e+00   2.3407000e-11   1.7516128e+11   4.5144001e+01   2.5689619e+01
   4.2000000e+01   1.3820617e-10   4.2000000e+00   6.9470000e-11   6.0457752e+10  -2.0746378e+01   2.6791067e+01
   4.3000000e+01   8.4823616e-11   4.3000000e+00   4.2637000e-11   1.0085137e+11  -8.8121867e+00   2.6791067e+01
   4.4000000e+01   6.9268210e-11   4.4000000e+00   3.4818000e-11   1.2637142e+11   1.0156378e+01   2.7406644e+01
   4.5000000e+01   8.7027912e-11   4.5000000e+00   4.3745000e-11   1.0286890e+11  -2.0706464e+01   2.7973618e+01
   4.6000000e+01   5.5208860e-11   4.6000000e+00   2.7751000e-11   1.6575979e+11   1.1112842e+01   2.8539611e+01
   4.7000000e+01  -7.0113721e-11   4.7000000e+00  -3.5243000e-11  -1.3335982e+11   1.8423621e+01   2.9106619e+01
   4.8000000e+01   1.0333732e-10   4.8000000e+00   5.1943000e-11   9.2408987e+10  -3.7237771e+00   3.0207621e+01
   4.9000000e+01   9.5699867e-11   4.9000000e+00   4.8104000e-11   1.0186263e+11  -1.0650142e+02   3.0207621e+01
   5.0000000e+01   1.1129506e-11   5.0000000e+00   5.5943000e-12   8.9376687e+11   9.3687038e+01   3.0924832e+01
   5.1000000e+01   7.1154196e-11   5.1000000e+00   3.5766000e-11   1.4259352e+11  -5.4297359e+00   3.2026066e+01
   5.2000000e+01   6.4034002e-11   5.2000000e+00   3.2187000e-11   1.6155591e+11  -2.6048985e+01   3.2026066e+01
   5.3000000e+01   3.8986993e-11   5.3000000e+00   1.9597000e-11   2.7044956e+11   2.7335473e+01   3.3192640e+01
   5.4000000e+01   6.4986942e-11   5.4000000e+00   3.2666000e-11   1.6530950e+11  -1.0335440e+01   3.3192640e+01
   5.5000000e+01   5.3760550e-11   5.5000000e+00   2.7023000e-11   2.0353033e+11  -7.2766981e-01   3.4043033e+01
   5.6000000e+01   5.3060269e-11   5.6000000e+00   2.6671000e-11   2.0996588e+11  -2.9659350e+00   3.4609617e+01
   5.7000000e+01   5.0346677e-11   5.7000000e+00   2.5307000e-11   2.2523412e+11   3.6146552e+00   3.5744643e+01
   5.8000000e+01   5.3613332e-11   5.8000000e+00   2.6949000e-11   2.1522134e+11   7.8819020e+00   3.6344631e+01
   5.9000000e+01   6.1346273e-11   5.9000000e+00   3.0836000e-11   1.9133480e+11  -3.0035593e+00   3.6344631e+01
   6.0000000e+01   5.8326308e-11   6.0000000e+00   2.9318000e-11   2.0465243e+11  -6.1800473e+00   3.6944616e+01
   6.1000000e+01   5.2662381e-11   6.1000000e+00   2.6471000e-11   2.3044086e+11  -3.4128906e+00   3.8080293e+01
   6.2000000e+01   4.9819476e-11   6.2000000e+00   2.5042000e-11   2.4758406e+11   7.6661292e+00   3.8080293e+01
   6.3000000e+01   5.6320955e-11   6.3000000e+00   2.8310000e-11   2.2253621e+11  -7.5133902e-01   3.8678624e+01
   6.4000000e+01   5.5658473e-11   6.4000000e+00   2.7977000e-11   2.2875934e+11  -1.2429944e+00   3.9245624e+01
   6.5000000e+01   5.4596114e-11   6.5000000e+00   2.7443000e-11   2.3685457e+11  -2.6322332e+00   3.9812615e+01
   6.6000000e+01   5.2445533e-11   6.6000000e+00   2.6362000e-11   2.5036037e+11   1.6170354e+01   4.0379638e+01
   6.7000000e+01   6.6882875e-11   6.7000000e+00   3.3619000e-11   1.9929207e+11  -7.4137662e+00   4.1513615e+01
   6.8000000e+01   5.9925815e-11   6.8000000e+00   3.0122000e-11   2.2574862e+11  -2.4562796e+00   4.1513615e+01
   6.9000000e+01   5.7815023e-11   6.9000000e+00   2.9061000e-11   2.3743161e+11   1.2098408e+01   4.2113645e+01
   7.0000000e+01   6.8808650e-11   7.0000000e+00   3.4587000e-11   2.0238818e+11   0.0000000e+00   4.2681795e+01
