   0.0000000e+00   7.0123668e-06   0.0000000e+00   3.5248000e-06   0.0000000e+00   0.0000000e+00   0.0000000e+00
   1.0000000e+00   4.8202064e-04   1.0000000e-01   2.4229000e-04   4.1272855e+02   9.9862983e-01   1.4110870e+00
   2.0000000e+00   9.6312614e-04   2.0000000e-01   4.8412000e-04   4.1312071e+02   1.0433272e+00   1.4110870e+00
   3.0000000e+00   1.4702933e-03   3.0000000e-01   7.3905000e-04   4.0592653e+02   9.5480155e-01   2.0228020e+00
   4.0000000e+00   1.9350655e-03   4.0000000e-01   9.7267000e-04   4.1123917e+02   1.0331696e+00   2.5898040e+00
   5.0000000e+00   2.4368014e-03   5.0000000e-01   1.2248700e-03   4.0820659e+02   9.1423844e-01   3.1557990e+00
   6.0000000e+00   2.8787946e-03   6.0000000e-01   1.4470400e-03   4.1463954e+02   1.1560648e+00   3.7228070e+00
   7.0000000e+00   3.4403728e-03   7.0000000e-01   1.7293200e-03   4.0478338e+02   8.9093004e-01   4.2888070e+00
   8.0000000e+00   3.8750051e-03   8.0000000e-01   1.9477900e-03   4.1072190e+02   1.3359178e+00   4.8557910e+00
   9.0000000e+00   4.5353190e-03   9.0000000e-01   2.2797000e-03   3.9478879e+02   9.9887583e-01   5.4218120e+00
   1.0000000e+01   5.0386466e-03   1.0000000e+00   2.5327000e-03   3.9483555e+02   1.0515807e+00   5.9888220e+00
   1.1000000e+01   5.5698262e-03   1.1000000e+00   2.7997000e-03   3.9289924e+02   1.0487459e+00   6.5240900e+00
   1.2000000e+01   6.1020005e-03   1.2000000e+00   3.0672000e-03   3.9123631e+02   1.0397913e+00   7.0888130e+00
   1.3000000e+01   6.6315886e-03   1.3000000e+00   3.3334000e-03   3.8999220e+02   1.0621967e+00   7.6552930e+00
   1.4000000e+01   7.1747048e-03   1.4000000e+00   3.6064000e-03   3.8819876e+02   1.0311007e+00   8.2217940e+00
   1.5000000e+01   7.7036961e-03   1.5000000e+00   3.8723000e-03   3.8736668e+02   1.0858419e+00   8.7888160e+00
   1.6000000e+01   8.2629268e-03   1.6000000e+00   4.1534000e-03   3.8522656e+02   1.0299221e+00   9.9218150e+00
   1.7000000e+01   8.7953000e-03   1.7000000e+00   4.4210000e-03   3.8452839e+02   1.0456911e+00   1.0523289e+01
   1.8000000e+01   9.3370237e-03   1.8000000e+00   4.6933000e-03   3.8352545e+02   1.1378496e+00   1.1121817e+01
   1.9000000e+01   9.9294780e-03   1.9000000e+00   4.9911000e-03   3.8067761e+02   1.1375939e+00   1.1721805e+01
   2.0000000e+01   1.0526110e-02   2.0000000e+00   5.2910000e-03   3.7800038e+02   1.1252363e+00   1.1721805e+01
   2.1000000e+01   1.1120156e-02   2.1000000e+00   5.5896000e-03   3.7569772e+02   1.0056105e+00   1.2321801e+01
   2.2000000e+01   1.1652728e-02   2.2000000e+00   5.8573000e-03   3.7559968e+02   1.1751383e+00   1.2888825e+01
   2.3000000e+01   1.2277610e-02   2.3000000e+00   6.1714000e-03   3.7268691e+02   1.0163340e+00   1.3454816e+01
   2.4000000e+01   1.2820329e-02   2.4000000e+00   6.4442000e-03   3.7242792e+02   1.0386216e+00   1.4021801e+01
   2.5000000e+01   1.3375580e-02   2.5000000e+00   6.7233000e-03   3.7184121e+02   1.0206596e+00   1.4588808e+01
   2.6000000e+01   1.3921880e-02   2.6000000e+00   6.9979000e-03   3.7154003e+02   1.0955394e+00   1.5721794e+01
   2.7000000e+01   1.4509559e-02   2.7000000e+00   7.2933000e-03   3.7020279e+02   1.0308039e+00   1.5721794e+01
   2.8000000e+01   1.5063816e-02   2.8000000e+00   7.5719000e-03   3.6978830e+02   1.0028160e+00   1.6321810e+01
   2.9000000e+01   1.5603352e-02   2.9000000e+00   7.8431000e-03   3.6975176e+02   1.0444956e+00   1.6888795e+01
   3.0000000e+01   1.6165765e-02   3.0000000e+00   8.1258000e-03   3.6919442e+02   1.0571153e+00   1.7455072e+01
   3.1000000e+01   1.6735938e-02   3.1000000e+00   8.4124000e-03   3.6850364e+02   1.1300629e+00   1.8588799e+01
   3.2000000e+01   1.7347292e-02   3.2000000e+00   8.7197000e-03   3.6698510e+02   1.0115965e+00   1.8588799e+01
   3.3000000e+01   1.7895780e-02   3.3000000e+00   8.9954000e-03   3.6685417e+02   1.0740555e+00   1.9189288e+01
   3.4000000e+01   1.8478884e-02   3.4000000e+00   9.2885000e-03   3.6604403e+02   1.0753545e+00   1.9755796e+01
   3.5000000e+01   1.9063977e-02   3.5000000e+00   9.5826000e-03   3.6524534e+02   1.1290995e+00   2.0322800e+01
   3.6000000e+01   1.9680106e-02   3.6000000e+00   9.8923000e-03   3.6391941e+02   1.0448946e+00   2.0888811e+01
   3.7000000e+01   2.0251671e-02   3.7000000e+00   1.0179600e-02   3.6347204e+02   1.0131812e+00   2.1455793e+01
   3.8000000e+01   2.0806326e-02   3.8000000e+00   1.0458400e-02   3.6334430e+02   1.1234660e+00   2.2025804e+01
   3.9000000e+01   2.1422454e-02   3.9000000e+00   1.0768100e-02   3.6218089e+02   2.0316832e-03   2.2589794e+01
