   0.0000000e+00   1.0255149e-06   0.0000000e+00   5.1548000e-07   0.0000000e+00   0.0000000e+00   0.0000000e+00
   1.0000000e+00   5.8586924e-05   1.0000000e-01   2.9449000e-05   3.3957010e+03   1.0145013e+00   1.3040540e+00
   2.0000000e+00   1.1835756e-04   2.0000000e-01   5.9493000e-05   3.3617400e+03   9.8921187e-01   1.3040540e+00
   3.0000000e+00   1.7676146e-04   3.0000000e-01   8.8850000e-05   3.3764772e+03   9.9904136e-01   1.9038420e+00
   4.0000000e+00   2.3561696e-04   4.0000000e-01   1.1843400e-04   3.3774085e+03   1.0275076e+00   3.0388330e+00
   5.0000000e+00   2.9633457e-04   5.0000000e-01   1.4895400e-04   3.3567410e+03   8.5713244e-01   3.0388330e+00
   6.0000000e+00   3.4645843e-04   6.0000000e-01   1.7414900e-04   3.4453256e+03   1.2280042e-01   3.6388310e+00
   7.0000000e+00   3.5307927e-04   7.0000000e-01   1.7747700e-04   3.9441730e+03   4.0315360e-02   4.2058410e+00
   8.0000000e+00   3.5498515e-04   8.0000000e-01   1.7843500e-04   4.4834253e+03   2.9375880e+00   4.7748370e+00
   9.0000000e+00   5.0173596e-04   9.0000000e-01   2.5220000e-04   3.5685964e+03   5.6397190e-01   5.9281400e+00
   1.0000000e+01   5.3245286e-04   1.0000000e+00   2.6764000e-04   3.7363623e+03   2.2467257e+00   5.9281400e+00
   1.1000000e+01   6.5959777e-04   1.1000000e+00   3.3155000e-04   3.3177500e+03   3.2186593e+00   6.5404320e+00
   1.2000000e+01   8.7278581e-04   1.2000000e+00   4.3871000e-04   2.7352921e+03   3.6631872e+00   7.1078520e+00
   1.3000000e+01   1.1701668e-03   1.3000000e+00   5.8819000e-04   2.2101702e+03   7.5190371e+00   7.6738580e+00
   1.4000000e+01   2.0428930e-03   1.4000000e+00   1.0268700e-03   1.3633663e+03   1.4623589e+00   8.2408320e+00
   1.5000000e+01   2.2597615e-03   1.5000000e+00   1.1358800e-03   1.3205620e+03   8.3123080e-01   8.8078370e+00
   1.6000000e+01   2.3843002e-03   1.6000000e+00   1.1984800e-03   1.3350244e+03   2.6527990e+00   9.3748310e+00
   1.7000000e+01   2.8003113e-03   1.7000000e+00   1.4075900e-03   1.2077380e+03   2.0158535e+00   9.9418390e+00
   1.8000000e+01   3.1422955e-03   1.8000000e+00   1.5794900e-03   1.1396084e+03   2.4865104e+00   1.0511852e+01
   1.9000000e+01   3.5944547e-03   1.9000000e+00   1.8067700e-03   1.0516004e+03   2.4976376e+00   1.1075840e+01
   2.0000000e+01   4.0857461e-03   2.0000000e+00   2.0537200e-03   9.7384259e+02   1.5105843e+00   1.1642838e+01
   2.1000000e+01   4.3982469e-03   2.1000000e+00   2.2108000e-03   9.4988240e+02   2.5305822e+00   1.2211840e+01
   2.2000000e+01   4.9477293e-03   2.2000000e+00   2.4870000e-03   8.8459992e+02   1.7065332e+00   1.2777468e+01
   2.3000000e+01   5.3376589e-03   2.3000000e+00   2.6830000e-03   8.5724935e+02   1.8087980e+00   1.3310862e+01
   2.4000000e+01   5.7647910e-03   2.4000000e+00   2.8977000e-03   8.2824309e+02   7.9650248e+00   1.3879845e+01
   2.5000000e+01   7.9798299e-03   2.5000000e+00   4.0111000e-03   6.2327042e+02   1.1739413e+00   1.4444854e+01
   2.6000000e+01   8.3558335e-03   2.6000000e+00   4.2001000e-03   6.1903288e+02   1.3155773e+00   1.5012314e+01
   2.7000000e+01   8.7811750e-03   2.7000000e+00   4.4139000e-03   6.1170394e+02   1.5207954e+00   1.5578838e+01
   2.8000000e+01   9.2805237e-03   2.8000000e+00   4.6649000e-03   6.0022723e+02   8.3731551e-01   1.6145860e+01
   2.9000000e+01   9.5572543e-03   2.9000000e+00   4.8040000e-03   6.0366361e+02   1.7359092e+00   1.6712844e+01
   3.0000000e+01   1.0136578e-02   3.0000000e+00   5.0952000e-03   5.8878945e+02   1.7147977e+00   1.7279831e+01
   3.1000000e+01   1.0722865e-02   3.1000000e+00   5.3899000e-03   5.7514982e+02   2.8599072e+00   1.7846834e+01
   3.2000000e+01   1.1742054e-02   3.2000000e+00   5.9022000e-03   5.4217072e+02   9.9175666e-01   1.8413840e+01
   3.3000000e+01   1.2105922e-02   3.3000000e+00   6.0851000e-03   5.4230826e+02   1.4062769e+00   1.8982836e+01
   3.4000000e+01   1.2624966e-02   3.4000000e+00   6.3460000e-03   5.3577056e+02   1.1851379e+00   1.9546835e+01
   3.5000000e+01   1.3066223e-02   3.5000000e+00   6.5678000e-03   5.3290295e+02   3.8112149e+00   2.0680853e+01
   3.6000000e+01   1.4547160e-02   3.6000000e+00   7.3122000e-03   4.9232789e+02   2.1862847e+00   2.0680853e+01
   3.7000000e+01   1.5445191e-02   3.7000000e+00   7.7636000e-03   4.7658303e+02   1.3742267e+00   2.1852841e+01
   3.8000000e+01   1.6021730e-02   3.8000000e+00   8.0534000e-03   4.7185040e+02   1.5442053e+00   2.1852841e+01
   3.9000000e+01   1.6677449e-02   3.9000000e+00   8.3830000e-03   4.6522725e+02   1.1858495e+00   2.2448834e+01
   4.0000000e+01   1.7185750e-02   4.0000000e+00   8.6385000e-03   4.6304335e+02   1.3027330e+00   2.3015827e+01
   4.1000000e+01   1.7747567e-02   4.1000000e+00   8.9209000e-03   4.5959488e+02   1.3104272e+00   2.3582830e+01
   4.2000000e+01   1.8316943e-02   4.2000000e+00   9.2071000e-03   4.5616970e+02   1.0274175e+00   2.4149840e+01
   4.3000000e+01   1.8765164e-02   4.3000000e+00   9.4324000e-03   4.5587549e+02   2.0795678e+00   2.4716848e+01
   4.4000000e+01   1.9684084e-02   4.4000000e+00   9.8943000e-03   4.4470048e+02   9.7637765e-01   2.5284844e+01
   4.5000000e+01   2.0120766e-02   4.5000000e+00   1.0113800e-02   4.4493662e+02   1.1947543e+00   2.6418841e+01
   4.6000000e+01   2.0656123e-02   4.6000000e+00   1.0382900e-02   4.4303615e+02   1.4591947e+00   2.6418841e+01
   4.7000000e+01   2.1314627e-02   4.7000000e+00   1.0713900e-02   4.3868246e+02   2.4734201e-03   2.7018853e+01
