   0.0000000e+00   1.0253955e-08   0.0000000e+00   5.1542000e-09   0.0000000e+00   0.0000000e+00   0.0000000e+00
   1.0000000e+00   1.1744640e-06   1.0000000e-01   5.9035000e-07   1.6939104e+05   1.0018195e+00   9.5128800e-01
   2.0000000e+00   2.3518923e-06   2.0000000e-01   1.1821900e-06   1.6917754e+05   9.7731619e-01   9.5128800e-01
   3.0000000e+00   3.4955399e-06   3.0000000e-01   1.7570500e-06   1.7074073e+05   7.0077009e-01   1.5633390e+00
   4.0000000e+00   4.2762944e-06   4.0000000e-01   2.1495000e-06   1.8608979e+05   3.8437144e-01   2.1300210e+00
   5.0000000e+00   4.6592610e-06   5.0000000e-01   2.3420000e-06   2.1349274e+05   1.5994135e-01   2.6960180e+00
   6.0000000e+00   4.7971289e-06   6.0000000e-01   2.4113000e-06   2.4882843e+05   1.2311689e-01   3.2290110e+00
   7.0000000e+00   4.8890409e-06   7.0000000e-01   2.4575000e-06   2.8484232e+05   2.3488556e-01   4.3617310e+00
   8.0000000e+00   5.0448138e-06   8.0000000e-01   2.5358000e-06   3.1548229e+05   2.4063604e-01   4.3617310e+00
   9.0000000e+00   5.1898438e-06   9.0000000e-01   2.6087000e-06   3.4499943e+05   2.3926905e-01   4.9610280e+00
   1.0000000e+01   5.3223402e-06   1.0000000e+00   2.6753000e-06   3.7378986e+05   2.1965979e-01   5.5270050e+00
   1.1000000e+01   5.4349424e-06   1.1000000e+00   2.7319000e-06   4.0265017e+05   2.1381120e-01   6.6590010e+00
   1.2000000e+01   5.5370005e-06   1.2000000e+00   2.7832000e-06   4.3115838e+05   4.4620631e-01   6.6590010e+00
   1.3000000e+01   5.7383315e-06   1.3000000e+00   2.8844000e-06   4.5070032e+05   3.2630423e-01   7.2590130e+00
   1.4000000e+01   5.8787857e-06   1.4000000e+00   2.9550000e-06   4.7377327e+05   7.0460738e-01   7.8259910e+00
   1.5000000e+01   6.1716308e-06   1.5000000e+00   3.1022000e-06   4.8352782e+05   8.0438207e-01   8.3920140e+00
   1.6000000e+01   6.5004847e-06   1.6000000e+00   3.2675000e-06   4.8967100e+05   8.9074664e-01   8.9586870e+00
   1.7000000e+01   6.8611696e-06   1.7000000e+00   3.4488000e-06   4.9292508e+05   1.3088158e+00   9.5240040e+00
   1.8000000e+01   7.3941397e-06   1.8000000e+00   3.7167000e-06   4.8430059e+05   1.2002954e+00   1.0090005e+01
   1.9000000e+01   7.8899074e-06   1.9000000e+00   3.9659000e-06   4.7908419e+05   1.9727004e+00   1.0659016e+01
   2.0000000e+01   8.7300465e-06   2.0000000e+00   4.3882000e-06   4.5576774e+05   2.8017871e+00   1.1789015e+01
   2.1000000e+01   1.0008856e-05   2.1000000e+00   5.0310000e-06   4.1741205e+05   4.2516759e+00   1.1789015e+01
   2.2000000e+01   1.2197834e-05   2.2000000e+00   6.1313000e-06   3.5881461e+05   5.7879385e+00   1.2390994e+01
   2.3000000e+01   1.5776831e-05   2.3000000e+00   7.9303000e-06   2.9002686e+05   6.8903984e+00   1.2955000e+01
   2.4000000e+01   2.1153283e-05   2.4000000e+00   1.0632800e-05   2.2571665e+05   7.2062579e+00   1.3522011e+01
   2.5000000e+01   2.8388069e-05   2.5000000e+00   1.4269400e-05   1.7520008e+05   7.1362913e+00   1.4090417e+01
   2.6000000e+01   3.7556986e-05   2.6000000e+00   1.8878200e-05   1.3772499e+05   6.8331661e+00   1.4654000e+01
   2.7000000e+01   4.8605920e-05   2.7000000e+00   2.4432000e-05   1.1051081e+05   6.5211135e+00   1.5220990e+01
   2.8000000e+01   6.1614847e-05   2.8000000e+00   3.0971000e-05   9.0407155e+04   6.0735651e+00   1.5786990e+01
   2.9000000e+01   7.6251133e-05   2.9000000e+00   3.8328000e-05   7.5662701e+04   5.7674980e+00   1.6320005e+01
   3.0000000e+01   9.2717702e-05   3.0000000e+00   4.6605000e-05   6.4370776e+04   5.7771174e+00   1.6886006e+01
   3.1000000e+01   1.1205503e-04   3.1000000e+00   5.6325000e-05   5.5037727e+04   5.3435578e+00   1.7453022e+01
   3.2000000e+01   1.3277302e-04   3.2000000e+00   6.6739000e-05   4.7947976e+04   4.7866282e+00   1.8586010e+01
   3.3000000e+01   1.5384315e-04   3.3000000e+00   7.7330000e-05   4.2674253e+04   4.9527254e+00   1.8586010e+01
   3.4000000e+01   1.7835699e-04   3.4000000e+00   8.9652000e-05   3.7924419e+04   4.0917787e+00   1.9186007e+01
   3.5000000e+01   2.0081773e-04   3.5000000e+00   1.0094200e-04   3.4673377e+04   3.9351794e+00   1.9752005e+01
   3.6000000e+01   2.2436072e-04   3.6000000e+00   1.1277600e-04   3.1921685e+04   3.8952879e+00   2.0318996e+01
   3.7000000e+01   2.4963055e-04   3.7000000e+00   1.2547800e-04   2.9487241e+04   3.0263799e+00   2.0884997e+01
   3.8000000e+01   2.7061314e-04   3.8000000e+00   1.3602500e-04   2.7936041e+04   3.3409514e+00   2.1452995e+01
   3.9000000e+01   2.9514687e-04   3.9000000e+00   1.4835700e-04   2.6287941e+04   2.8654840e+00   2.2017991e+01
   4.0000000e+01   3.1735496e-04   4.0000000e+00   1.5952000e-04   2.5075226e+04   3.1570345e+00   2.2584994e+01
   4.1000000e+01   3.4308434e-04   4.1000000e+00   1.7245300e-04   2.3774594e+04   2.0840878e+00   2.3151991e+01
   4.2000000e+01   3.6075452e-04   4.2000000e+00   1.8133500e-04   2.3161552e+04   3.3453198e+00   2.3717996e+01
   4.3000000e+01   3.9029965e-04   4.3000000e+00   1.9618600e-04   2.1917976e+04   2.4734322e+00   2.4285004e+01
   4.4000000e+01   4.1313639e-04   4.4000000e+00   2.0766500e-04   2.1187971e+04   2.6120776e+00   2.4855013e+01
   4.5000000e+01   4.3811377e-04   4.5000000e+00   2.2022000e-04   2.0434111e+04   4.4205048e+00   2.6006297e+01
   4.6000000e+01   4.8281641e-04   4.6000000e+00   2.4269000e-04   1.8954221e+04   3.5279276e+00   2.6006297e+01
   4.7000000e+01   5.2087434e-04   4.7000000e+00   2.6182000e-04   1.7951264e+04   3.9593191e+00   2.7186031e+01
   4.8000000e+01   5.6615392e-04   4.8000000e+00   2.8458000e-04   1.6866962e+04   4.2697247e+00   2.7186031e+01
   4.9000000e+01   6.1825727e-04   4.9000000e+00   3.1077000e-04   1.5767288e+04   5.1290841e+00   2.7787990e+01
   5.0000000e+01   6.8575886e-04   5.0000000e+00   3.4470000e-04   1.4505367e+04   4.7663718e+00   2.8352005e+01
   5.1000000e+01   7.5363844e-04   5.1000000e+00   3.7882000e-04   1.3462858e+04   5.9067894e+00   2.8918993e+01
   5.2000000e+01   8.4523211e-04   5.2000000e+00   4.2486000e-04   1.2239326e+04   6.3076654e+00   2.9491625e+01
   5.3000000e+01   9.5313917e-04   5.3000000e+00   4.7910000e-04   1.1062409e+04   7.5716346e+00   3.0052994e+01
   5.4000000e+01   1.0980497e-03   5.4000000e+00   5.5194000e-04   9.7836721e+03   8.5201800e+00   3.0620007e+01
   5.5000000e+01   1.2838631e-03   5.5000000e+00   6.4534000e-04   8.5226392e+03   8.6886373e+00   3.1186998e+01
   5.6000000e+01   1.5014478e-03   5.6000000e+00   7.5471000e-04   7.4200686e+03   1.0362501e+01   3.1754005e+01
   5.7000000e+01   1.8037030e-03   5.7000000e+00   9.0664000e-04   6.2869496e+03   1.0351585e+01   3.2887991e+01
   5.8000000e+01   2.1594938e-03   5.8000000e+00   1.0854800e-03   5.3432583e+03   1.1667573e+01   3.2887991e+01
   5.9000000e+01   2.6361629e-03   5.9000000e+00   1.3250800e-03   4.4525614e+03   1.2014075e+01   3.3487995e+01
   6.0000000e+01   3.2260110e-03   6.0000000e+00   1.6215700e-03   3.7001178e+03   1.2860698e+01   3.4054995e+01
   6.1000000e+01   3.9901338e-03   6.1000000e+00   2.0056600e-03   3.0413929e+03   1.2634745e+01   3.4620991e+01
   6.2000000e+01   4.9001818e-03   6.2000000e+00   2.4631000e-03   2.5171532e+03   1.3129400e+01   3.5189004e+01
   6.3000000e+01   6.0456995e-03   6.3000000e+00   3.0389000e-03   2.0731186e+03   1.3390183e+01   3.5755023e+01
   6.4000000e+01   7.4649637e-03   6.4000000e+00   3.7523000e-03   1.7056206e+03   1.3023895e+01   3.6288992e+01
   6.5000000e+01   9.1352948e-03   6.5000000e+00   4.5919000e-03   1.4155361e+03   1.2906074e+01   3.6855991e+01
   6.6000000e+01   1.1124931e-02   6.6000000e+00   5.5920000e-03   1.1802575e+03   1.2244945e+01   3.7422991e+01
   6.7000000e+01   1.3374188e-02   6.7000000e+00   6.7226000e-03   9.9663821e+02   1.2492643e+01   3.7990001e+01
   6.8000000e+01   1.6093350e-02   6.8000000e+00   8.0894000e-03   8.4060623e+02   1.1238494e+01   3.9123993e+01
   6.9000000e+01   1.8962715e-02   6.9000000e+00   9.5317000e-03   7.2390025e+02   8.7070943e+00   3.9123993e+01
   7.0000000e+01   2.1493676e-02   7.0000000e+00   1.0803900e-02   6.4791418e+02   0.0000000e+00   3.9723989e+01
